-0.21387219 -0.57369423 -0.49596423 -0.18599348 -0.068106733 -0.19855435 -0.46440905 -0.06057483 0.29180992 -0.34857798 -0.25043741 0.1638719 -0.14555892 0.060101438 -0.42409888
-0.21387219 -0.57369423 -0.49596423 -0.18599348 -0.068106733 -0.19855435 -0.46440905 -0.06057483 0.29180992 -0.34857798 -0.25043741 0.1638719 -0.14555892 0.060101438 -0.42409888
-0.21387219 -0.57369423 -0.49596423 -0.18599348 -0.068106733 -0.19855435 -0.46440905 -0.06057483 0.29180992 -0.34857798 -0.25043741 0.1638719 -0.14555892 0.060101438 -0.42409888
-0.21387219 -0.57369423 -0.49596423 -0.18599348 -0.068106733 -0.19855435 -0.46440905 -0.06057483 0.29180992 -0.34857798 -0.25043741 0.1638719 -0.14555892 0.060101438 -0.42409888
-0.23535848 -0.59495699 -0.5066973 -0.18665908 -0.06553705 -0.2335953 -0.44950122 -0.08817558 0.2918641 -0.32776627 -0.22741365 0.17540498 -0.15084887 0.065213598 -0.42856055
-0.2513561 -0.57453364 -0.52016985 -0.20729418 -0.068789214 -0.21429487 -0.47245646 -0.085287668 0.3041144 -0.33295503 -0.22918734 0.17652458 -0.16656134 0.055129003 -0.43874988
-0.24265416 -0.58783841 -0.52622479 -0.199196 -0.072861113 -0.2172298 -0.47239128 -0.082649961 0.29432938 -0.32776019 -0.23261459 0.16389006 -0.15785982 0.050352782 -0.44914308
-0.25163978 -0.60626966 -0.54378492 -0.20191534 -0.085179158 -0.23287387 -0.48711616 -0.078425765 0.29462886 -0.33887717 -0.22937243 0.16302679 -0.18321867 0.055646271 -0.47944155
-0.22991344 -0.61285317 -0.55303478 -0.20898624 -0.08530207 -0.20405316 -0.48011684 -0.090434432 0.28144485 -0.32362175 -0.20806786 0.15688711 -0.18812144 0.039756604 -0.4844133
-0.22631481 -0.58661002 -0.5364334 -0.1951388 -0.088096917 -0.18500231 -0.46834317 -0.091175869 0.28957006 -0.31819493 -0.23387258 0.17835614 -0.15050015 0.055920176 -0.45627365
-0.23035803 -0.61718464 -0.53405207 -0.20721745 -0.082432866 -0.20314136 -0.4686037 -0.0782291 0.29648262 -0.35066733 -0.21829656 0.16485605 -0.16779299 0.014195969 -0.47496557
-0.24520607 -0.57373631 -0.54207456 -0.23662329 -0.064384334 -0.21433799 -0.46177751 -0.078814194 0.29768291 -0.32578722 -0.24761347 0.19382036 -0.14813837 0.038244609 -0.46698338
-0.25651851 -0.59042859 -0.57660425 -0.22630911 -0.11214584 -0.23571041 -0.46871883 -0.09107504 0.31965616 -0.32674384 -0.24296181 0.24605438 -0.12995854 0.050721258 -0.48109573
-0.25667185 -0.55203444 -0.53154153 -0.23096439 -0.091151766 -0.21433565 -0.45662898 -0.090710387 0.28606209 -0.33948451 -0.26898074 0.22310849 -0.14536926 0.076131515 -0.44020516
-0.23535958 -0.57880056 -0.53382659 -0.2599667 -0.091601104 -0.19554293 -0.47712126 -0.046764791 0.31076023 -0.34810179 -0.24379334 0.20572814 -0.13627234 0.060447544 -0.48998913
-0.22681601 -0.54792559 -0.5407322 -0.27349502 -0.11339321 -0.21785137 -0.48601222 -0.053034931 0.28999779 -0.3733415 -0.27940074 0.21076949 -0.15228418 0.07575582 -0.50026381
-0.27415082 -0.51368791 -0.52460754 -0.23171084 -0.10809501 -0.19704194 -0.49366227 -0.06792511 0.27465397 -0.34163958 -0.29013023 0.26358905 -0.12997034 0.067972161 -0.4752605
-0.24556231 -0.50280213 -0.5040611 -0.22753584 -0.11186977 -0.18299091 -0.47288385 -0.038305629 0.26996008 -0.3693783 -0.30569667 0.26012984 -0.1405758 0.10074015 -0.46353316
-0.24400818 -0.49845856 -0.51351631 -0.20520253 -0.13440247 -0.19616671 -0.47531533 -0.043678232 0.26250783 -0.36561757 -0.30539173 0.23711762 -0.12165312 0.10176764 -0.45951623
-0.24151185 -0.51779377 -0.49091229 -0.21880217 -0.13614956 -0.20423666 -0.49419236 -0.032117181 0.2653175 -0.37275606 -0.30709261 0.26234832 -0.10088549 0.11345728 -0.49338135
-0.25926694 -0.52171785 -0.52203524 -0.20848508 -0.14319107 -0.22369042 -0.4775323 -0.038857616 0.28701997 -0.37707201 -0.31008974 0.26111379 -0.10895287 0.10877027 -0.50245583
-0.20436351 -0.49284148 -0.45855016 -0.19948728 -0.12164833 -0.22354324 -0.43476829 -0.047338396 0.27329341 -0.36484459 -0.31377462 0.24928613 -0.10138948 0.11768714 -0.45936066
-0.21088374 -0.54173088 -0.49905473 -0.19829535 -0.14427109 -0.21685906 -0.48407298 -0.033516742 0.27404591 -0.39047974 -0.31191894 0.26114208 -0.12323538 0.12974933 -0.4879168
-0.22253275 -0.5542742 -0.47756109 -0.15433869 -0.11688771 -0.22228412 -0.42820922 -0.070181116 0.27515477 -0.35728499 -0.26809567 0.21104816 -0.097872451 0.10432992 -0.46326619
-0.21665871 -0.57752001 -0.51249987 -0.1603241 -0.078897759 -0.24589753 -0.46347517 -0.090563893 0.30158886 -0.38216847 -0.26895696 0.22353151 -0.10912045 0.08035735 -0.45726481
-0.25845477 -0.6459139 -0.55627424 -0.17536773 -0.087993219 -0.25984204 -0.50983477 -0.11623134 0.3517715 -0.43385535 -0.2962766 0.21122949 -0.10822864 0.083891362 -0.49192548
-0.22756283 -0.58373946 -0.50042522 -0.12618002 -0.047521651 -0.22792503 -0.4559502 -0.10451909 0.31092367 -0.39364296 -0.27866933 0.18812215 -0.11415122 0.076475129 -0.4352046
-0.2453049 -0.63149726 -0.52168363 -0.17876758 -0.078731529 -0.23610744 -0.41239053 -0.099444166 0.34624422 -0.38706532 -0.24866882 0.18035051 -0.11656882 0.024583044 -0.42504352
-0.23558927 -0.61682522 -0.55479443 -0.16779175 -0.088696294 -0.21110857 -0.45330223 -0.092346385 0.33571059 -0.3811155 -0.24822772 0.19289605 -0.14585845 0.036741324 -0.43463784
-0.2157301 -0.60345918 -0.50652361 -0.19144331 -0.089550033 -0.18829815 -0.38789564 -0.093920588 0.30501893 -0.33642641 -0.19606218 0.18401171 -0.15954958 0.010210689 -0.39103836
-0.23959474 -0.56456649 -0.4838472 -0.18615486 -0.075062133 -0.16560546 -0.39838141 -0.12516467 0.31128821 -0.32663733 -0.19968376 0.13383214 -0.1633306 0.020270273 -0.40041238
-0.1892738 -0.57815939 -0.47494692 -0.22620249 -0.083530806 -0.20408177 -0.37382445 -0.10698132 0.2706334 -0.33045465 -0.16799401 0.17078429 -0.15630582 0.036273099 -0.39022675
-0.26797456 -0.551705 -0.49231714 -0.1977569 -0.070143871 -0.22459707 -0.38937914 -0.1233317 0.28716266 -0.33425349 -0.18674397 0.15768762 -0.20140024 0.077253804 -0.43118721
-0.24526505 -0.5732801 -0.4831132 -0.17766562 -0.068798117 -0.21354106 -0.40148991 -0.12816957 0.29581636 -0.2996133 -0.1516021 0.12299521 -0.16523738 0.059490252 -0.42087942
-0.24821171 -0.53498036 -0.46414381 -0.17124525 -0.061598532 -0.22770779 -0.41909552 -0.16244531 0.2939868 -0.31194943 -0.17288356 0.1598559 -0.15298788 0.071291529 -0.40030813
-0.26255244 -0.46896702 -0.46905842 -0.12733383 -0.064816087 -0.24191913 -0.41887608 -0.12579708 0.30083889 -0.30733383 -0.19160494 0.17841057 -0.13640049 0.075540267 -0.36272186
-0.27980632 -0.44409332 -0.48254147 -0.16705264 -0.053896099 -0.20032933 -0.41817027 -0.14044334 0.30671421 -0.3345685 -0.22370598 0.19304402 -0.15547782 0.079453096 -0.35520881
-0.26431447 -0.37050048 -0.46913618 -0.17019793 -0.05905015 -0.15327278 -0.37990361 -0.10781173 0.2528547 -0.28208905 -0.24078152 0.20684317 -0.13879931 0.099275991 -0.336169
-0.27324948 -0.45891637 -0.54029632 -0.21351473 -0.070762292 -0.1943831 -0.43439117 -0.079156913 0.29967502 -0.33388114 -0.27124414 0.1983775 -0.14259097 0.075243458 -0.38317779
-0.24261649 -0.41047463 -0.47279805 -0.18157679 -0.062207699 -0.17312726 -0.3726142 -0.065800153 0.27175051 -0.30808315 -0.24219319 0.21141978 -0.13998151 0.10685168 -0.34032878
-0.23083834 -0.45480442 -0.48099455 -0.19013277 -0.073725745 -0.19494331 -0.38133615 -0.028974662 0.30491051 -0.31325936 -0.27915668 0.26014242 -0.14679739 0.12794809 -0.38366055
-0.26567984 -0.46578431 -0.4692429 -0.20393297 -0.11663157 -0.21430358 -0.41614684 -0.006541796 0.3293072 -0.31369275 -0.26368555 0.23688988 -0.1253846 0.10544137 -0.43823498
-0.28934699 -0.45918402 -0.45812002 -0.18542333 -0.092412323 -0.1864458 -0.37231454 -0.032197073 0.29444063 -0.28625602 -0.23873523 0.22978708 -0.15494758 0.099244758 -0.41761336
-0.24424124 -0.5025112 -0.48205543 -0.19587544 -0.097411387 -0.19878832 -0.4332754 -0.032768868 0.31022191 -0.31679782 -0.26396912 0.21953256 -0.13387683 0.082236752 -0.4025518
-0.18678167 -0.50220311 -0.46701494 -0.1692787 -0.11596799 -0.24119672 -0.45930618 -0.065196067 0.2986936 -0.35749716 -0.30006838 0.23509236 -0.11472128 0.1041549 -0.43640214
-0.20271364 -0.55318594 -0.50998557 -0.19202991 -0.083635405 -0.2203985 -0.48901051 -0.055284619 0.34094942 -0.37713948 -0.29602474 0.20878486 -0.1370438 0.082587764 -0.46592349
-0.2341001 -0.54539043 -0.52333343 -0.18767725 -0.078520559 -0.2080249 -0.46643218 -0.080361769 0.30652687 -0.37566033 -0.25965795 0.21463469 -0.12014341 0.083178505 -0.42797098
-0.27091953 -0.58128506 -0.52347851 -0.21703653 -0.095159464 -0.22631316 -0.46516243 -0.050018728 0.32870668 -0.35604149 -0.27455944 0.18558398 -0.14803317 0.06868124 -0.44831961
-0.31382546 -0.61680591 -0.59042466 -0.1898347 -0.090645343 -0.25511396 -0.50092858 -0.054221433 0.36530203 -0.39383811 -0.24784188 0.17523769 -0.17223774 0.072551817 -0.44290835
-0.26881832 -0.56232387 -0.54933757 -0.17316034 -0.076717451 -0.22839992 -0.42666683 -0.064485744 0.34768778 -0.32937384 -0.19208856 0.14237757 -0.16026527 0.079246186 -0.41914588
-0.29327437 -0.60975933 -0.55914223 -0.17964354 -0.1193666 -0.23339228 -0.46974349 -0.059277516 0.37477309 -0.34860057 -0.21481255 0.1672 -0.16024883 0.084862448 -0.44761485
-0.26790065 -0.57036716 -0.52020246 -0.13301669 -0.081249334 -0.2568711 -0.43703985 -0.095952526 0.31909126 -0.35311955 -0.22864127 0.14992002 -0.13598368 0.042815555 -0.4313702
-0.27001926 -0.59890491 -0.50938463 -0.1662413 -0.086003967 -0.25674075 -0.44539824 -0.076391235 0.35280165 -0.34376705 -0.18662567 0.12312777 -0.16629019 0.053228937 -0.43196678
-0.2972545 -0.57239199 -0.51735336 -0.17110211 -0.063497901 -0.25741538 -0.47099838 -0.12098549 0.32516938 -0.36655065 -0.23033676 0.15792577 -0.16213036 0.066005208 -0.41839224
-0.32541579 -0.56244236 -0.54507524 -0.18142016 -0.053511541 -0.27464193 -0.4900282 -0.094507046 0.34075773 -0.36409384 -0.26512161 0.18530324 -0.1592001 0.073770255 -0.41843978
-0.32956162 -0.5455699 -0.53369415 -0.1817337 -0.06387496 -0.2690936 -0.46258688 -0.085526645 0.34050071 -0.38568759 -0.22612485 0.19746819 -0.13965973 0.062819697 -0.41953152
-0.30896178 -0.53607279 -0.52759027 -0.16582584 -0.064381264 -0.28109336 -0.48286304 -0.09255188 0.32079116 -0.40201503 -0.28966302 0.23281856 -0.15262777 0.08949016 -0.41633528
-0.30417031 -0.5753395 -0.54386985 -0.20609637 -0.090782061 -0.2585108 -0.48603171 -0.051369421 0.34372199 -0.42135486 -0.2875022 0.24631317 -0.1647619 0.10226657 -0.47885364
-0.31803229 -0.53194886 -0.54166877 -0.21873896 -0.071873643 -0.21578154 -0.46274719 -0.045253262 0.34103084 -0.3572925 -0.28295135 0.23991708 -0.14239961 0.07009159 -0.49759302
-0.27463362 -0.51873082 -0.49503136 -0.21898727 -0.07466048 -0.2332253 -0.40710753 -0.060259439 0.3041594 -0.36120546 -0.27200228 0.23205702 -0.15773085 0.10615049 -0.44590035
-0.23044679 -0.52157736 -0.52017277 -0.21928751 -0.10228164 -0.21505281 -0.45230699 -0.028023113 0.29095039 -0.37394685 -0.29804498 0.26520395 -0.16176495 0.11635105 -0.46783137
-0.19750933 -0.58083242 -0.48558301 -0.18902194 -0.082633756 -0.19997388 -0.42678595 -0.048957616 0.31704691 -0.36618552 -0.28975797 0.22614446 -0.12971155 0.10464247 -0.4412539
-0.20638125 -0.5908311 -0.48682541 -0.2102118 -0.067532361 -0.22072542 -0.45834106 -0.064271741 0.34482726 -0.36042616 -0.28406817 0.23248681 -0.10994651 0.11191231 -0.44583517
-0.19823053 -0.60786027 -0.48412257 -0.19890584 -0.077931456 -0.20942852 -0.48643073 -0.06983465 0.34228411 -0.39345881 -0.29167986 0.22827914 -0.09051998 0.11074805 -0.4681007
-0.20503846 -0.58001 -0.47120652 -0.17752771 -0.053379674 -0.19931173 -0.46692601 -0.10313793 0.32317084 -0.35642356 -0.29256508 0.19680619 -0.10338409 0.086976871 -0.43642059
-0.27009565 -0.63959342 -0.52235794 -0.20557928 -0.091914639 -0.21932089 -0.50140804 -0.083234355 0.34911054 -0.38096568 -0.2853449 0.15638396 -0.12048008 0.062948257 -0.44852906
-0.27110034 -0.63073289 -0.54917371 -0.17902841 -0.089117318 -0.21502729 -0.49760041 -0.052676022 0.34018284 -0.38936689 -0.2688764 0.13537712 -0.13546979 0.08591187 -0.47132254
-0.26153475 -0.5970822 -0.48329908 -0.17226166 -0.058059193 -0.19987053 -0.43811601 -0.057758622 0.32832924 -0.3606829 -0.24267635 0.12001038 -0.15214771 0.087464854 -0.40567264
-0.24258217 -0.57468241 -0.47571212 -0.16526216 -0.087918729 -0.20074943 -0.44728383 -0.066033699 0.33776835 -0.34450579 -0.19494951 0.071261272 -0.15625402 0.065106273 -0.38886681
-0.22267461 -0.57471669 -0.43715954 -0.18352829 -0.057032861 -0.19843698 -0.445849 -0.11445393 0.26766777 -0.30784401 -0.18889451 0.083379567 -0.15119867 0.048736032 -0.36051902
-0.26758802 -0.53914464 -0.46151915 -0.15798435 -0.074372157 -0.22226174 -0.47478017 -0.1108292 0.30668491 -0.27069873 -0.1796191 0.072064839 -0.1564669 0.061405219 -0.35628888
-0.22611809 -0.52469313 -0.44109124 -0.1320014 -0.090880848 -0.22073631 -0.45809612 -0.10652775 0.32878774 -0.29980531 -0.13096397 0.07355956 -0.14408879 0.087005533 -0.32717341
-0.21407397 -0.51883245 -0.48890391 -0.14638862 -0.045545913 -0.18244529 -0.45489416 -0.12803772 0.32628572 -0.30038685 -0.14937951 0.074062549 -0.16901232 0.074973121 -0.3552061
-0.24582514 -0.52946228 -0.51302212 -0.20067374 -0.061268888 -0.17963472 -0.45328838 -0.11898823 0.33337322 -0.30829507 -0.14782941 0.10502072 -0.1653693 0.061232436 -0.36134088
-0.203582 -0.45307422 -0.45987168 -0.15024641 -0.054959487 -0.15505435 -0.38491493 -0.12422013 0.2614646 -0.25975838 -0.12776795 0.12226816 -0.15614375 0.061028637 -0.32606801
-0.20205292 -0.47181168 -0.48874474 -0.14654772 -0.054020215 -0.18392818 -0.43879586 -0.089428268 0.2865361 -0.27150291 -0.12783703 0.13935992 -0.16605958 0.095593415 -0.34796366
-0.18850121 -0.46384043 -0.45919496 -0.14029254 -0.053458899 -0.14913474 -0.37453991 -0.076584853 0.29263294 -0.24306722 -0.10398521 0.12333051 -0.15296887 0.059439112 -0.35659903
-0.18370865 -0.46219653 -0.45629025 -0.13455799 -0.08172404 -0.20401719 -0.38853645 -0.095919713 0.30602863 -0.24543092 -0.15073958 0.11841697 -0.14846966 0.081936836 -0.37697557
-0.14990485 -0.47483692 -0.46720439 -0.15220301 -0.06495592 -0.15364693 -0.35903782 -0.082015902 0.28472945 -0.25340337 -0.10956981 0.14432299 -0.16979256 0.05908104 -0.41451153
-0.16341214 -0.5238682 -0.50627434 -0.15391698 -0.046657331 -0.14121187 -0.40655985 -0.081164226 0.29364699 -0.23812525 -0.12705091 0.14281458 -0.14871109 0.049747914 -0.40369788
-0.13527122 -0.53951532 -0.48536626 -0.17302723 -0.089387797 -0.15602569 -0.38104808 -0.08277899 0.29526171 -0.2663286 -0.13060832 0.15916228 -0.16795929 0.020935064 -0.42730647
-0.12766503 -0.53122413 -0.46543121 -0.21309888 -0.073916748 -0.13935281 -0.41081637 -0.09293206 0.28965801 -0.262407 -0.14034005 0.16867396 -0.15151116 0.039157473 -0.42583925
-0.15091254 -0.57760632 -0.50540298 -0.24011168 -0.058156937 -0.15945935 -0.42759776 -0.075480744 0.2580002 -0.27628499 -0.12878332 0.19083002 -0.16094574 0.035996191 -0.43464047
-0.17164724 -0.59192604 -0.50765932 -0.25534427 -0.090944305 -0.17133163 -0.42040926 -0.083636567 0.28552634 -0.2915968 -0.17627387 0.19533698 -0.14754188 0.018032823 -0.42927217
-0.16359898 -0.55001414 -0.47371626 -0.22055444 -0.075639367 -0.17367919 -0.42032394 -0.077343784 0.28517395 -0.29504952 -0.19297037 0.17211497 -0.14609776 0.040643282 -0.42955288
-0.19440386 -0.57888108 -0.52087313 -0.22719999 -0.057459332 -0.19241256 -0.44955492 -0.068192206 0.28624529 -0.31548825 -0.22127359 0.16738844 -0.15639599 0.061884422 -0.4250409
-0.20386644 -0.60283101 -0.55271471 -0.2337763 -0.082608476 -0.19717431 -0.46331596 -0.059242845 0.3040849 -0.353872 -0.22787771 0.177248 -0.15202072 0.059114933 -0.4586845
-0.20891643 -0.58279669 -0.53372085 -0.20827027 -0.075143144 -0.20444325 -0.4610855 -0.054532696 0.29899636 -0.34696364 -0.25511962 0.19125861 -0.15955909 0.05191797 -0.44475642
-0.21173854 -0.56899947 -0.51682359 -0.18710276 -0.073337421 -0.19523746 -0.46731153 -0.054363262 0.29691631 -0.3506093 -0.25378698 0.18142566 -0.14932474 0.060672857 -0.43095726
-0.21387219 -0.57369423 -0.49596423 -0.18599348 -0.068106733 -0.19855435 -0.46440905 -0.06057483 0.29180992 -0.34857798 -0.25043741 0.1638719 -0.14555892 0.060101438 -0.42409888
-0.21387219 -0.57369423 -0.49596423 -0.18599348 -0.068106733 -0.19855435 -0.46440905 -0.06057483 0.29180992 -0.34857798 -0.25043741 0.1638719 -0.14555892 0.060101438 -0.42409888
-0.21387219 -0.57369423 -0.49596423 -0.18599348 -0.068106733 -0.19855435 -0.46440905 -0.06057483 0.29180992 -0.34857798 -0.25043741 0.1638719 -0.14555892 0.060101438 -0.42409888
-0.24600354 -0.58855355 -0.51273501 -0.18540804 -0.085658714 -0.2217453 -0.46385741 -0.070919998 0.31265074 -0.3529934 -0.23830926 0.16146541 -0.15637386 0.061771892 -0.43657392
-0.24575484 -0.58696437 -0.51509398 -0.19665547 -0.085276432 -0.22099547 -0.48280674 -0.069186077 0.30479676 -0.36702818 -0.25256428 0.16215304 -0.15342964 0.066900618 -0.43820897
-0.24188344 -0.57986629 -0.51440942 -0.19565785 -0.1003652 -0.21871321 -0.47644204 -0.058008067 0.28546292 -0.35252425 -0.23815358 0.16729081 -0.14510113 0.063872293 -0.45090109
-0.24538489 -0.56506985 -0.51011044 -0.20575774 -0.09782169 -0.21488833 -0.4825224 -0.059214424 0.28099129 -0.35891947 -0.25832576 0.16957784 -0.14532696 0.066237949 -0.45397043
-0.24732737 -0.58165872 -0.51268733 -0.19213285 -0.094489031 -0.20732382 -0.48111066 -0.05246494 0.29818937 -0.35194039 -0.2540397 0.17399661 -0.14913912 0.082852758 -0.43937239
-0.23211733 -0.5897283 -0.4940365 -0.19827048 -0.088821501 -0.2052476 -0.48716769 -0.039812405 0.29760289 -0.35784167 -0.25217575 0.15243688 -0.1512219 0.10643868 -0.44425249
-0.27670911 -0.57161969 -0.49916476 -0.19947191 -0.084189549 -0.20010158 -0.47779781 -0.084217615 0.28223348 -0.37648916 -0.26543102 0.19458231 -0.14588557 0.074623041 -0.4489952
-0.29855514 -0.57131135 -0.49121922 -0.202916 -0.090808406 -0.21137471 -0.45520678 -0.072583631 0.29599863 -0.34816843 -0.23627043 0.17796244 -0.17571108 0.080180302 -0.4331769
-0.27837852 -0.53986233 -0.45060882 -0.1842885 -0.092628539 -0.1922286 -0.45761031 -0.082919315 0.26684734 -0.32621902 -0.24221268 0.14261292 -0.1454998 0.083451733 -0.41974956
-0.25723189 -0.53195423 -0.4504692 -0.14238951 -0.071848057 -0.22396116 -0.45338383 -0.10250457 0.26500797 -0.32874972 -0.22846553 0.1301665 -0.16421863 0.09498024 -0.40534812
-0.2616955 -0.53576219 -0.46316218 -0.11993251 -0.084935829 -0.21845064 -0.45581475 -0.086236373 0.30760229 -0.33653501 -0.24520056 0.13570459 -0.16192022 0.070269428 -0.40955201
-0.21993759 -0.48427981 -0.44766098 -0.11042491 -0.073583648 -0.19672854 -0.43122894 -0.12940432 0.2767778 -0.31763965 -0.17683659 0.099003598 -0.15802553 0.069549084 -0.36285603
-0.24375007 -0.49920264 -0.44832739 -0.12377988 -0.064002886 -0.19317062 -0.45546657 -0.11968489 0.2798191 -0.30608165 -0.19990216 0.11651339 -0.15627551 0.077566549 -0.37067217
-0.27041408 -0.50287962 -0.50105047 -0.1151685 -0.0738343 -0.22135553 -0.42906275 -0.083905682 0.33727381 -0.31026179 -0.1842258 0.07285466 -0.13769265 0.074490853 -0.35159579
-0.22264318 -0.50906211 -0.50636566 -0.15670848 -0.047677577 -0.17869154 -0.42582756 -0.064034328 0.33380324 -0.29512015 -0.17278627 0.064275704 -0.13876194 0.096791521 -0.31239638
-0.20825498 -0.49588928 -0.49720591 -0.17500556 -0.01905882 -0.14893737 -0.38250536 -0.031781461 0.31308541 -0.3000111 -0.17752771 0.0984433 -0.13645731 0.098915435 -0.31713969
-0.20461385 -0.48654661 -0.46679336 -0.15747099 -0.02654535 -0.15393391 -0.39361039 -0.0048880954 0.32003912 -0.27452439 -0.19968873 0.099350587 -0.10403292 0.069930315 -0.3440949
-0.21943696 -0.49303922 -0.46712199 -0.14921227 -0.033818528 -0.16736002 -0.38941419 -0.012703004 0.32285103 -0.30042833 -0.19452688 0.10083669 -0.12510179 0.075949967 -0.35289881
-0.2105464 -0.51001656 -0.4859663 -0.14420427 -0.049699519 -0.17742971 -0.41218528 -0.0092260595 0.32040644 -0.31148732 -0.22074866 0.11845211 -0.12144556 0.067112252 -0.37795115
-0.26173466 -0.55303729 -0.50927722 -0.17375615 -0.064370222 -0.20229395 -0.43605605 -0.03423677 0.34349933 -0.3284975 -0.23930626 0.14296547 -0.13175608 0.062655017 -0.42880622
-0.2620894 -0.55676568 -0.50493073 -0.1824892 -0.068416849 -0.19152495 -0.43207866 -0.038661309 0.31885737 -0.33578178 -0.24537678 0.15192261 -0.14397758 0.039079782 -0.4268834
-0.25125948 -0.59421444 -0.54273683 -0.18441431 -0.082513645 -0.21091175 -0.46465987 -0.062650576 0.33033833 -0.36914033 -0.2670421 0.17868283 -0.1598964 0.072968766 -0.43350166
-0.24498019 -0.59584898 -0.5509392 -0.19497177 -0.078474261 -0.21534154 -0.47549701 -0.053903043 0.33255252 -0.36911014 -0.24167199 0.18524639 -0.14596674 0.067130722 -0.45405015
-0.23591252 -0.6015808 -0.52986318 -0.18794192 -0.082000516 -0.21237524 -0.46715197 -0.074445501 0.31800941 -0.35489747 -0.24933061 0.17965288 -0.15347689 0.069765307 -0.44218311
-0.21184468 -0.57742453 -0.51026613 -0.16575982 -0.084602304 -0.2271554 -0.46223053 -0.091292307 0.29600802 -0.36636794 -0.23729798 0.1841809 -0.1286951 0.075332239 -0.42861813
-0.21611443 -0.55965531 -0.48082668 -0.1671157 -0.076369472 -0.20097847 -0.46785459 -0.10153701 0.27174607 -0.35114563 -0.23274732 0.16217642 -0.14374153 0.035719283 -0.40936214
-0.21690258 -0.58801663 -0.50793999 -0.19270681 -0.082566366 -0.22090623 -0.46798459 -0.10874154 0.27770734 -0.36255926 -0.26163545 0.17989646 -0.17438763 0.086859122 -0.43436536
-0.19301757 -0.54118329 -0.48309183 -0.15619801 -0.090926215 -0.18917352 -0.44218254 -0.10071196 0.22127409 -0.35456151 -0.23640648 0.19274117 -0.14912046 0.056166805 -0.41241965
-0.24204955 -0.59465718 -0.53854531 -0.1860605 -0.12047391 -0.23675315 -0.47063088 -0.11802679 0.27137187 -0.36858162 -0.25382301 0.20314045 -0.15798107 0.070595525 -0.45090541
-0.25446057 -0.58945209 -0.52898532 -0.15209463 -0.12121303 -0.27959904 -0.48027772 -0.094266959 0.30398643 -0.40676814 -0.25414866 0.19641456 -0.17010355 0.047382243 -0.43875247
-0.26371282 -0.62636346 -0.55888093 -0.20357633 -0.12193544 -0.27211437 -0.48233971 -0.090453744 0.31432712 -0.39517996 -0.24345763 0.19833693 -0.19166896 0.067838043 -0.46768761
-0.28294164 -0.60424954 -0.56079853 -0.17589626 -0.12044205 -0.2543005 -0.46589059 -0.09667822 0.33757505 -0.37748185 -0.22373252 0.17597671 -0.16178675 0.051073201 -0.45291629
-0.27892166 -0.63833034 -0.62530571 -0.17642304 -0.13277806 -0.30018321 -0.49562669 -0.086012214 0.34409207 -0.40660161 -0.24733238 0.16795543 -0.15697028 0.067483068 -0.47430414
-0.25648791 -0.63478398 -0.57344282 -0.15153173 -0.087804005 -0.24999204 -0.4779416 -0.095104091 0.34963307 -0.38351989 -0.21295336 0.12212751 -0.16644022 0.039386716 -0.4314374
-0.26375666 -0.72122973 -0.59935981 -0.16492097 -0.078306749 -0.2605238 -0.52849007 -0.077513412 0.37746829 -0.39939243 -0.26171747 0.1780588 -0.16646861 0.066372231 -0.46623492
-0.30440432 -0.65917653 -0.59019083 -0.19055454 -0.12009227 -0.25409445 -0.50674689 -0.077075727 0.38090146 -0.38998646 -0.26360494 0.16521683 -0.15615647 0.054511834 -0.47944355
-0.3288483 -0.6649009 -0.59812325 -0.19217362 -0.10513041 -0.22012845 -0.51541132 -0.063055411 0.36460951 -0.37199715 -0.29919362 0.18481442 -0.15413304 0.054322779 -0.46367162
-0.32547423 -0.67756063 -0.5954228 -0.20956178 -0.09779346 -0.21975183 -0.53189552 -0.055712838 0.35509282 -0.36794955 -0.27771077 0.15869948 -0.15465921 0.067433916 -0.46969527
-0.30887708 -0.63170576 -0.56463361 -0.19263685 -0.077964023 -0.21146493 -0.50085628 -0.042919036 0.35992444 -0.38336378 -0.27445224 0.16287962 -0.16049321 0.078750983 -0.46286902
-0.27922788 -0.64927942 -0.56954002 -0.19078794 -0.072861888 -0.20181569 -0.50121421 -0.033934638 0.37720376 -0.38706961 -0.26258713 0.14880256 -0.14797017 0.057555296 -0.45987982
-0.25989801 -0.63929582 -0.5665797 -0.20402627 -0.072681747 -0.19990578 -0.51609343 -0.030725256 0.3472985 -0.3880952 -0.24333891 0.15665807 -0.14209573 0.068232886 -0.45791942
-0.25250196 -0.60429895 -0.52150667 -0.19603693 -0.063149922 -0.21451636 -0.50725341 -0.049600054 0.31949079 -0.35482183 -0.25162795 0.17041323 -0.13316245 0.063111573 -0.42323247
-0.23427257 -0.59496123 -0.52318412 -0.19378108 -0.089236774 -0.20822284 -0.51086795 -0.029675703 0.32084003 -0.34083 -0.24801835 0.15539202 -0.1349692 0.062377859 -0.41780916
-0.22940826 -0.60333598 -0.53655589 -0.21153574 -0.077080049 -0.20484945 -0.49246758 -0.043508098 0.34714752 -0.35797006 -0.24547639 0.15525953 -0.12753914 0.073548771 -0.40069398
-0.234302 -0.605932 -0.52458453 -0.21072976 -0.05897044 -0.21347161 -0.47716388 -0.057738829 0.33008307 -0.36623079 -0.24737222 0.16992465 -0.14348924 0.078557804 -0.41384691
-0.22865823 -0.58620465 -0.52457285 -0.19355823 -0.074379094 -0.2004575 -0.46645775 -0.057148658 0.31444898 -0.36033529 -0.24513471 0.17074171 -0.14717156 0.062295057 -0.4404006
-0.21387219 -0.57369423 -0.49596423 -0.18599348 -0.068106733 -0.19855435 -0.46440905 -0.06057483 0.29180992 -0.34857798 -0.25043741 0.1638719 -0.14555892 0.060101438 -0.42409888
-0.21387219 -0.57369423 -0.49596423 -0.18599348 -0.068106733 -0.19855435 -0.46440905 -0.06057483 0.29180992 -0.34857798 -0.25043741 0.1638719 -0.14555892 0.060101438 -0.42409888
-0.21387219 -0.57369423 -0.49596423 -0.18599348 -0.068106733 -0.19855435 -0.46440905 -0.06057483 0.29180992 -0.34857798 -0.25043741 0.1638719 -0.14555892 0.060101438 -0.42409888
-0.21387219 -0.57369423 -0.49596423 -0.18599348 -0.068106733 -0.19855435 -0.46440905 -0.06057483 0.29180992 -0.34857798 -0.25043741 0.1638719 -0.14555892 0.060101438 -0.42409888
-0.21387219 -0.57369423 -0.49596423 -0.18599348 -0.068106733 -0.19855435 -0.46440905 -0.06057483 0.29180992 -0.34857798 -0.25043741 0.1638719 -0.14555892 0.060101438 -0.42409888
-0.21387219 -0.57369423 -0.49596423 -0.18599348 -0.068106733 -0.19855435 -0.46440905 -0.06057483 0.29180992 -0.34857798 -0.25043741 0.1638719 -0.14555892 0.060101438 -0.42409888
-0.21387219 -0.57369423 -0.49596423 -0.18599348 -0.068106733 -0.19855435 -0.46440905 -0.06057483 0.29180992 -0.34857798 -0.25043741 0.1638719 -0.14555892 0.060101438 -0.42409888
-0.21387219 -0.57369423 -0.49596423 -0.18599348 -0.068106733 -0.19855435 -0.46440905 -0.06057483 0.29180992 -0.34857798 -0.25043741 0.1638719 -0.14555892 0.060101438 -0.42409888
-0.21387219 -0.57369423 -0.49596423 -0.18599348 -0.068106733 -0.19855435 -0.46440905 -0.06057483 0.29180992 -0.34857798 -0.25043741 0.1638719 -0.14555892 0.060101438 -0.42409888
-0.21387219 -0.57369423 -0.49596423 -0.18599348 -0.068106733 -0.19855435 -0.46440905 -0.06057483 0.29180992 -0.34857798 -0.25043741 0.1638719 -0.14555892 0.060101438 -0.42409888
-0.21387219 -0.57369423 -0.49596423 -0.18599348 -0.068106733 -0.19855435 -0.46440905 -0.06057483 0.29180992 -0.34857798 -0.25043741 0.1638719 -0.14555892 0.060101438 -0.42409888
-0.21387219 -0.57369423 -0.49596423 -0.18599348 -0.068106733 -0.19855435 -0.46440905 -0.06057483 0.29180992 -0.34857798 -0.25043741 0.1638719 -0.14555892 0.060101438 -0.42409888
-0.21387219 -0.57369423 -0.49596423 -0.18599348 -0.068106733 -0.19855435 -0.46440905 -0.06057483 0.29180992 -0.34857798 -0.25043741 0.1638719 -0.14555892 0.060101438 -0.42409888
-0.21387219 -0.57369423 -0.49596423 -0.18599348 -0.068106733 -0.19855435 -0.46440905 -0.06057483 0.29180992 -0.34857798 -0.25043741 0.1638719 -0.14555892 0.060101438 -0.42409888
